# A dataset for the 0-1 knapsack problem retrieved from
# http://homepage.ntlworld.com/walter.barker2/Knapsack%20Problem.htm
# http://homepage.ntlworld.com/walter.barker2/Knapsack%20data/1%20dimension/Large2/KNAPDATA.TXT
#
# this is a large daset, with a set of 10000 weights and profits for a knapsack of capacity 1765326
#
# Optimal? selection value: 1385923
# (see http://homepage.ntlworld.com/walter.barker2/Knapsack%20data/1%20dimension/Large2/KNAPOUT.TXT)
#
# This dataset is copyright Walt Barker
# 
# File format:
# <- (This is a comment)
# First non comment line = Ma#  weight capacity
# Every ne# t non comment line is a object with value and weight separated by a space
#
1765326
309,233
209,685
261,875
148,848
188,402
62,240
98,170
108,664
112,620
376,515
175,626
120,940
31,472
165,522
247,118
356,703
96,335
397,173
204,370
321,258
55,138
316,217
318,983
196,369
50,828
277,944
292,730
170,343
385,388
48,483
307,522
143,706
195,463
265,749
182,425
254,776
46,526
334,985
124,197
192,388
105,324
20,802
363,986
103,110
62,257
255,979
366,449
169,274
261,238
310,725
257,198
242,163
148,162
178,60
205,548
253,916
28,635
77,583
367,970
313,404
177,571
313,129
112,52
317,75
247,617
371,420
35,732
128,836
276,155
392,643
126,827
384,972
110,670
344,968
311,422
34,526
208,405
135,159
386,257
338,822
354,595
347,975
247,88
238,577
109,580
133,995
74,778
201,734
182,570
302,594
398,466
289,77
338,301
388,211
313,748
355,871
286,20
194,134
311,924
363,924
148,433
335,561
42,756
318,531
380,401
45,294
190,278
257,206
159,72
187,741
42,694
301,773
196,972
360,272
299,718
64,825
268,16
245,39
291,447
226,254
278,353
190,567
96,736
195,629
196,778
333,922
193,408
258,655
166,364
103,374
264,929
65,788
32,894
377,924
113,313
48,702
398,485
162,869
328,122
218,980
333,250
75,542
202,194
383,675
215,986
96,469
124,70
347,114
331,73
281,25
27,170
370,639
362,402
38,429
78,631
241,908
316,457
308,449
127,709
130,457
349,846
323,581
99,735
361,733
286,545
180,975
44,53
222,161
66,745
50,25
172,131
229,813
151,450
17,723
323,424
339,579
223,711
18,250
372,757
147,659
134,871
391,661
279,739
272,345
281,252
255,911
216,402
193,44
372,375
252,102
137,438
372,362
300,252
346,243
142,166
32,699
170,320
49,403
372,307
377,584
241,161
174,116
73,683
283,626
148,827
385,829
201,818
117,715
146,788
32,552
358,163
170,492
196,217
202,978
361,974
43,625
198,48
390,269
304,701
190,325
160,190
226,538
137,434
120,658
254,499
142,812
19,598
331,860
265,536
26,306
81,103
16,240
125,499
49,31
203,296
327,438
161,777
99,402
31,841
293,589
186,822
321,161
18,711
232,109
297,836
230,633
40,138
88,997
126,55
398,241
257,752
215,768
88,947
240,980
221,630
286,167
364,536
119,299
339,912
180,93
391,336
350,513
279,896
279,986
154,834
259,982
92,711
259,847
14,56
195,158
242,865
387,691
40,858
12,979
88,908
250,719
374,632
238,349
394,118
353,869
106,261
208,563
281,414
198,111
87,941
39,815
279,282
164,384
386,510
277,37
61,124
399,597
254,879
58,717
244,794
70,347
13,520
64,75
140,780
216,95
123,66
163,327
313,423
186,831
154,89
146,441
349,861
282,206
178,640
123,145
210,928
395,408
351,116
109,922
111,327
154,926
202,558
359,443
302,50
216,664
15,903
183,78
301,52
89,559
335,307
303,139
375,178
231,329
325,764
100,871
133,155
102,384
82,826
262,286
318,821
301,24
283,578
88,320
170,281
309,903
381,268
272,27
341,755
277,902
28,802
43,118
190,482
385,902
325,841
243,827
56,604
65,996
204,388
331,34
250,415
298,458
104,435
133,950
289,935
209,82
242,784
211,106
376,323
233,412
166,537
170,303
140,211
363,925
124,222
229,339
325,973
178,152
34,310
98,991
174,409
107,88
124,595
334,540
147,800
400,97
135,791
195,557
154,646
387,499
171,53
282,661
164,292
120,733
62,552
155,908
175,710
84,461
188,691
247,822
29,434
23,129
376,284
26,790
107,955
218,824
381,853
386,945
185,577
253,852
93,97
128,435
281,471
331,567
181,452
172,332
204,259
380,125
56,367
274,683
250,143
299,879
64,326
211,253
119,791
180,117
134,325
268,573
122,993
264,407
109,429
339,451
25,829
343,415
220,574
185,502
139,884
57,326
217,859
160,407
356,459
105,230
82,704
326,766
90,875
169,385
148,574
59,613
228,591
330,827
141,106
158,79
374,314
267,757
139,853
333,621
167,971
211,541
320,366
358,29
88,843
349,991
48,923
196,52
331,679
279,876
227,118
270,792
44,383
159,964
369,634
161,82
157,97
361,604
76,723
179,607
370,415
279,848
241,851
362,360
273,660
60,700
108,592
208,25
291,780
90,714
19,525
238,397
240,182
204,440
286,394
126,684
25,276
273,802
184,177
188,396
274,437
262,548
189,911
208,595
338,788
255,746
277,751
365,957
197,977
270,504
178,457
37,844
28,940
316,536
73,959
101,505
164,772
377,759
119,151
173,755
332,518
259,59
289,128
18,852
322,564
214,486
21,348
339,124
144,757
231,261
185,940
196,772
73,161
101,94
56,316
92,261
297,33
210,425
40,724
92,328
125,253
319,946
326,27
14,240
115,269
229,5
315,430
350,848
220,489
211,204
330,775
287,928
328,514
193,570
303,597
65,471
160,111
84,482
202,909
121,967
168,270
104,80
363,270
262,21
262,862
309,982
397,48
69,51
127,564
215,767
223,551
155,242
388,844
212,577
125,723
361,960
215,526
293,471
225,567
236,528
212,155
332,99
182,608
84,685
224,794
375,371
327,697
177,73
187,885
295,308
154,698
393,633
352,126
55,609
83,809
220,302
10,350
309,17
380,506
141,359
83,253
213,633
381,524
261,933
134,899
100,701
137,484
89,639
94,813
342,10
339,504
22,950
238,395
389,905
215,455
195,299
387,820
334,288
51,245
338,165
194,182
102,679
125,374
23,872
381,257
322,117
45,509
210,932
49,654
259,367
393,613
255,166
349,946
44,584
234,449
160,751
196,585
380,522
320,517
89,605
347,854
232,59
20,684
78,159
119,866
190,758
157,469
194,67
148,308
23,227
148,177
142,163
290,569
316,814
272,228
213,881
18,902
299,515
59,803
217,982
49,529
296,822
139,55
112,810
163,686
164,928
361,324
43,685
344,835
373,515
399,97
299,803
333,846
276,108
163,219
238,907
182,347
378,790
159,237
319,962
395,605
391,916
311,590
334,93
318,506
228,526
345,825
271,402
372,303
275,675
383,252
124,655
358,699
371,406
213,789
157,800
187,940
182,342
118,123
333,87
77,338
371,578
161,829
355,576
159,190
124,364
61,185
241,418
132,40
168,267
169,181
187,349
100,726
295,396
191,467
20,734
19,903
110,366
189,791
306,69
155,243
261,989
66,900
22,607
223,691
209,667
391,108
93,897
18,455
272,490
235,316
30,686
15,466
374,229
321,538
175,457
229,784
282,956
269,76
20,8
255,414
263,591
40,852
378,493
170,166
57,143
323,108
240,810
69,92
142,844
41,93
201,572
312,363
225,393
374,117
225,152
345,565
140,162
200,43
186,293
367,620
250,761
376,62
387,467
237,892
222,835
195,334
121,350
192,839
325,310
29,64
170,853
388,473
379,868
228,620
353,295
195,297
305,325
210,38
125,700
349,771
167,433
330,555
204,645
19,441
96,248
278,861
72,224
268,301
234,804
69,247
87,92
141,355
46,995
127,150
370,464
67,560
258,341
223,601
302,685
102,173
266,756
58,582
327,644
304,656
319,733
383,125
252,806
43,186
145,798
130,417
263,443
309,749
387,631
327,236
309,502
258,145
77,613
342,290
35,476
80,524
132,583
127,878
260,610
57,998
320,898
53,499
199,852
79,526
389,267
201,502
275,546
118,133
42,523
73,694
289,445
260,571
82,864
88,444
334,817
367,832
225,35
56,853
188,115
172,70
35,153
268,860
118,242
251,80
352,281
37,697
45,442
73,799
362,178
79,602
248,118
112,837
299,43
311,33
331,856
308,904
71,814
16,242
15,712
195,217
178,551
291,368
394,953
364,787
202,435
316,994
256,208
168,960
56,853
11,586
347,162
210,50
132,901
380,340
125,263
170,131
14,324
320,388
15,969
326,767
128,775
105,277
166,541
60,724
341,609
154,428
94,8
107,19
160,271
19,981
14,257
210,983
302,791
133,540
167,817
247,799
257,812
106,731
244,509
262,832
342,431
80,831
230,120
333,845
178,675
217,380
361,835
22,396
108,930
180,211
174,32
305,347
322,646
61,968
30,499
317,660
119,95
356,658
381,243
282,667
54,625
237,680
298,645
337,877
87,524
187,862
213,495
162,134
50,20
377,990
156,793
398,426
313,931
181,635
74,151
106,888
349,962
150,126
244,164
29,53
79,768
289,732
346,224
327,578
384,423
300,94
328,671
12,444
302,87
114,959
378,531
115,209
161,93
256,835
195,383
267,299
388,465
375,72
245,558
208,377
381,871
181,619
396,609
73,855
263,700
327,684
188,78
62,258
279,954
238,544
74,890
377,356
34,757
17,969
239,137
350,822
183,772
334,83
202,674
330,756
337,695
363,553
348,538
56,127
347,888
208,384
177,423
302,928
340,477
220,89
176,648
396,689
157,496
107,216
150,984
155,926
105,314
41,434
336,445
69,320
213,318
375,863
27,931
166,150
311,921
183,733
28,14
368,198
256,778
382,603
273,616
135,811
25,602
81,227
88,388
187,340
344,748
138,833
93,175
15,417
203,439
358,951
204,132
50,55
17,619
129,850
305,450
199,452
396,808
311,787
16,722
134,966
291,524
16,991
152,120
200,902
273,42
61,522
349,983
154,63
125,84
196,668
12,638
208,426
137,509
94,882
252,677
376,657
88,75
41,915
94,794
290,522
270,87
250,646
104,152
140,133
347,471
154,674
183,900
241,828
93,743
47,534
123,643
257,238
356,380
189,626
192,376
291,561
126,417
157,669
360,681
149,502
284,991
95,713
172,145
171,204
311,477
382,125
21,773
260,73
129,9
333,125
323,74
253,485
140,237
163,991
48,662
183,444
109,724
162,800
110,944
67,805
96,457
56,767
154,732
369,968
301,35
84,825
141,219
198,979
184,907
83,248
18,186
326,537
43,57
374,676
330,198
393,603
353,23
273,846
326,854
180,441
349,118
331,619
312,715
144,129
234,600
171,896
34,860
109,625
346,279
376,803
153,220
256,934
166,921
270,352
173,259
241,203
267,264
46,552
180,660
219,116
185,17
170,825
292,451
22,498
232,543
223,497
195,274
65,992
221,679
175,222
142,665
79,807
116,344
186,842
44,928
350,817
210,486
151,368
138,336
200,392
116,188
109,57
265,957
14,314
296,82
73,858
103,316
164,403
237,744
192,660
269,876
202,312
384,149
349,911
90,48
137,571
273,105
310,7
160,209
135,120
125,931
399,37
61,431
385,249
225,665
342,359
316,908
158,862
295,346
356,981
259,83
154,949
298,651
81,233
273,160
168,501
96,490
162,215
278,821
39,301
249,78
246,99
75,389
383,953
70,348
216,432
200,271
131,920
269,162
181,208
13,838
134,510
292,453
240,83
184,820
153,348
86,430
294,321
132,164
240,350
36,465
133,45
277,608
329,135
259,886
376,636
33,488
204,592
98,238
46,363
400,884
58,743
109,602
233,32
231,330
61,386
305,461
59,963
389,59
217,177
254,908
400,259
83,390
173,392
255,894
79,702
180,315
232,671
266,420
189,215
70,310
299,172
79,184
222,825
149,344
324,533
381,859
399,517
134,613
24,101
212,57
35,956
97,355
263,647
207,477
62,37
81,129
93,128
386,990
79,722
30,127
287,244
307,522
182,25
369,870
68,902
196,155
128,667
78,776
198,788
309,705
237,56
156,664
276,610
79,591
257,430
220,614
116,450
33,437
81,308
301,201
24,882
260,737
54,553
240,488
249,201
190,365
88,433
196,298
250,966
128,636
67,612
128,99
169,211
173,344
31,956
170,798
182,927
59,545
190,823
311,252
63,342
260,568
266,212
274,505
341,629
322,919
356,939
88,288
286,52
69,151
113,30
84,445
228,671
286,344
195,877
174,702
278,313
153,245
11,682
265,917
158,270
123,224
314,136
147,772
336,885
154,983
372,197
225,740
19,434
146,990
278,408
310,896
139,565
397,253
247,951
199,799
52,209
77,913
237,995
381,145
22,668
272,325
390,745
235,120
319,109
264,834
47,343
38,561
253,264
382,508
159,220
162,287
79,763
117,485
194,938
123,907
154,642
131,526
396,753
363,700
398,945
188,89
228,8
242,506
210,738
339,7
34,76
141,298
144,246
195,551
298,909
17,279
49,949
377,13
68,268
20,609
107,544
136,155
84,142
81,116
13,193
363,812
34,210
293,338
213,723
94,631
76,633
158,10
303,87
384,237
273,774
351,717
210,959
117,8
370,459
86,850
145,314
70,857
167,228
391,812
16,687
179,565
120,570
374,879
254,317
312,364
356,522
344,28
364,411
86,549
250,631
380,81
145,146
102,639
277,810
257,974
58,160
35,765
86,530
37,598
56,113
292,800
242,310
15,198
249,302
172,731
162,912
297,692
264,684
278,350
218,886
123,422
349,973
150,632
114,872
379,503
346,229
333,431
282,622
207,331
397,939
307,714
392,135
170,809
259,580
83,308
382,696
364,266
277,818
324,107
21,895
323,27
153,364
328,808
370,792
298,573
236,343
167,44
234,183
231,665
183,382
340,956
126,552
60,260
364,671
330,432
131,238
67,669
280,434
10,15
104,458
332,150
263,204
212,920
74,243
347,619
134,619
378,166
179,582
53,440
199,756
368,458
189,144
356,316
200,69
84,467
182,265
287,198
20,675
81,36
199,976
343,185
171,114
31,557
248,818
373,929
65,328
320,738
339,131
386,659
72,556
391,751
199,532
191,308
131,891
172,244
358,236
253,305
210,91
19,99
328,673
90,137
207,312
204,295
143,826
394,249
284,346
200,639
76,562
77,682
105,84
240,76
81,425
393,380
69,170
111,190
209,930
52,817
314,824
117,481
136,636
99,75
254,51
279,340
140,719
175,116
28,95
49,906
165,552
327,217
94,113
121,614
299,554
276,640
246,357
344,370
388,947
27,620
60,653
131,437
197,356
143,649
164,566
78,500
227,458
380,345
263,202
91,193
173,615
318,717
369,80
209,217
130,527
86,100
379,667
228,329
300,622
98,164
58,952
393,374
307,430
276,843
144,296
324,215
267,820
158,229
379,29
396,443
321,79
306,855
348,649
264,950
257,695
24,308
362,344
29,815
382,870
156,493
304,901
87,993
263,89
235,599
161,217
47,593
242,890
40,925
232,627
147,704
169,644
141,501
398,173
23,161
250,837
195,519
271,177
349,37
32,36
288,357
305,639
357,999
130,185
323,684
213,565
174,888
125,641
213,335
68,505
241,87
391,645
239,84
271,374
193,396
132,555
292,78
173,343
117,600
146,817
26,92
387,379
385,552
238,385
72,924
16,967
262,762
374,759
75,516
38,763
118,45
276,768
70,52
19,73
70,274
378,136
287,418
254,758
105,66
379,434
20,287
89,631
42,869
21,675
55,136
354,354
362,639
145,537
206,376
139,297
324,272
149,469
331,431
294,625
272,713
275,383
365,580
365,648
217,262
30,663
304,629
342,73
267,261
244,620
393,535
80,376
46,670
107,624
125,525
281,701
109,921
398,823
205,539
221,388
396,845
105,957
60,564
82,30
122,399
86,965
382,795
393,29
239,459
127,345
241,61
373,735
184,864
247,963
302,968
368,898
373,151
282,569
205,743
95,146
77,210
136,52
288,383
353,303
169,118
381,90
35,355
36,915
358,392
303,846
177,398
365,790
366,274
208,462
142,109
210,812
250,29
75,510
104,790
283,143
303,1000
85,504
353,149
298,954
161,693
332,721
88,591
53,477
273,937
145,391
330,641
120,35
76,13
116,132
297,963
387,719
331,333
354,504
131,509
207,825
47,230
15,172
331,512
12,936
327,991
361,628
265,774
367,117
76,58
269,225
264,383
93,911
335,621
13,498
201,57
330,127
380,789
292,23
67,473
149,474
206,518
313,640
264,159
163,436
240,760
144,454
217,143
212,758
60,633
310,492
190,6
93,180
46,280
355,271
71,631
314,697
77,888
208,441
281,124
160,876
140,79
132,453
12,707
227,766
387,854
331,406
259,91
356,338
131,585
76,163
110,553
270,722
276,491
96,271
81,175
370,282
51,848
238,34
276,909
212,454
338,98
325,116
135,509
385,311
274,834
393,271
299,990
125,693
46,502
133,637
70,868
397,204
53,140
177,42
187,517
369,745
334,16
235,571
126,982
285,71
251,927
104,959
283,747
309,267
118,215
227,286
350,798
196,188
373,206
55,113
356,307
33,986
214,429
218,931
255,485
73,554
277,121
350,747
218,404
237,593
231,86
15,796
302,218
323,645
354,81
158,696
148,581
301,372
282,479
41,986
353,88
74,569
96,869
242,182
233,874
294,947
43,935
318,314
344,98
107,763
132,907
374,569
366,767
79,126
35,70
268,661
30,691
54,881
87,621
168,780
212,254
191,881
38,338
203,428
370,515
109,99
318,208
123,163
163,554
299,46
200,921
223,746
127,600
16,102
190,590
12,534
60,585
292,848
193,333
306,12
97,939
112,18
57,70
372,702
20,46
116,326
154,579
116,793
91,862
316,321
67,324
137,540
131,822
282,25
213,315
50,281
59,879
38,170
135,295
176,834
396,804
268,33
388,847
303,399
345,994
131,480
144,902
122,954
161,731
262,551
384,28
232,507
264,659
344,881
117,68
276,708
263,264
83,539
368,722
180,716
167,106
122,373
241,239
29,647
176,897
290,664
88,635
211,204
219,196
20,470
260,373
200,575
273,354
96,624
26,13
44,77
275,58
270,604
81,664
73,505
20,900
244,336
212,720
127,666
193,637
350,913
353,326
59,466
377,897
370,860
231,846
94,741
355,121
31,24
379,636
286,457
178,44
240,66
330,678
341,337
17,146
233,277
86,88
23,827
165,443
309,398
159,44
250,563
195,549
365,814
73,754
179,626
68,990
139,959
310,648
230,412
83,465
292,583
310,821
155,597
256,227
236,190
176,926
40,548
20,730
319,191
28,870
67,660
300,181
76,679
28,745
284,453
339,109
114,477
195,541
124,635
243,182
123,140
219,273
231,398
167,878
239,120
334,534
275,717
14,955
287,753
198,840
252,403
105,106
178,31
88,313
235,104
54,831
336,38
15,53
329,839
96,354
225,422
269,343
370,304
102,915
54,984
325,698
349,336
393,280
366,992
261,600
243,522
365,849
61,804
78,223
258,262
338,836
259,318
60,378
277,207
270,637
219,607
346,850
119,355
257,95
93,832
26,525
277,452
332,351
211,733
40,151
352,687
232,263
254,914
371,500
255,194
376,510
73,96
187,944
329,547
101,363
175,730
79,728
292,597
48,193
186,597
364,754
211,132
17,40
196,484
302,734
253,35
77,830
106,776
393,744
117,343
315,122
332,467
179,168
85,638
374,787
56,982
335,458
296,971
138,517
234,963
15,252
192,154
184,105
358,538
335,745
156,971
244,799
277,457
393,429
23,80
216,317
246,646
201,767
244,817
153,115
173,84
189,590
263,207
326,570
202,380
345,569
227,377
177,99
12,332
343,775
132,761
189,349
208,169
159,684
300,880
189,176
254,290
383,354
359,915
27,856
43,964
278,946
151,980
322,977
217,386
305,74
260,686
221,602
153,939
203,38
52,971
186,153
314,103
367,951
285,245
304,136
323,539
187,23
30,651
371,480
388,726
339,443
309,267
202,7
246,951
247,461
173,228
354,39
72,56
227,314
301,308
53,477
98,858
43,206
329,966
244,119
132,33
189,886
363,585
75,18
50,976
51,394
271,836
171,173
252,724
236,713
354,430
389,611
116,578
254,796
331,250
384,775
192,882
257,817
314,316
354,404
262,353
345,226
91,796
47,127
53,541
90,55
383,28
318,524
281,592
345,420
263,438
316,707
109,413
255,532
16,397
239,327
319,596
28,823
132,515
157,439
49,538
286,449
29,601
72,686
14,948
36,917
141,22
353,12
365,46
137,614
371,201
218,944
51,995
62,530
174,426
37,935
249,363
168,453
122,852
79,783
56,473
157,312
128,697
298,715
11,315
105,122
349,356
254,464
197,529
264,937
358,331
101,614
201,410
121,371
350,538
40,643
296,891
359,319
86,481
259,397
260,420
373,388
351,546
95,867
118,537
376,945
116,277
54,652
165,9
313,712
66,191
348,736
354,179
263,223
144,599
393,757
298,651
308,185
175,315
382,901
52,770
286,616
213,961
379,379
62,266
363,65
242,422
287,644
88,411
38,259
189,308
137,917
23,828
221,341
213,231
393,671
203,684
166,943
384,669
288,878
36,684
149,643
371,437
352,116
222,568
204,71
224,694
15,240
293,292
335,843
132,751
153,297
316,182
89,110
130,531
371,172
74,225
106,26
202,380
231,812
324,731
262,242
60,74
393,598
120,885
39,6
39,856
185,781
326,213
239,92
134,320
40,567
95,861
375,842
135,67
218,144
230,736
122,87
62,593
364,725
43,478
133,743
26,534
328,696
203,182
14,33
310,690
264,845
112,296
20,688
12,878
331,239
187,769
310,113
217,957
208,601
326,950
311,374
310,330
285,264
274,767
275,139
158,52
354,805
224,773
308,974
49,925
183,153
273,271
151,299
119,592
61,959
314,269
227,374
111,92
94,803
150,466
163,62
353,782
88,380
371,40
184,523
233,98
218,964
214,985
142,484
247,179
300,194
243,65
378,539
328,21
342,623
237,290
240,699
349,344
392,132
60,331
147,903
318,62
144,689
366,677
51,236
193,852
32,736
48,831
131,692
264,50
218,136
173,725
112,710
54,372
358,624
317,526
211,152
226,114
232,136
293,872
26,75
155,646
55,307
206,550
128,823
256,193
13,151
382,345
307,73
268,308
259,716
68,27
54,616
89,965
373,820
271,941
200,922
216,644
351,574
363,115
342,348
30,977
68,210
336,859
204,698
39,166
273,948
390,997
291,163
172,848
71,447
151,803
132,888
287,674
138,661
168,778
196,728
49,614
267,88
269,484
210,202
78,14
273,813
93,640
170,958
265,953
335,672
337,277
91,246
337,457
378,474
349,139
156,741
167,693
29,162
364,787
119,186
133,644
305,829
288,239
14,512
272,710
14,232
287,350
185,290
20,727
204,367
299,982
70,773
112,711
91,578
302,157
219,229
299,261
119,315
325,873
314,507
186,574
30,935
181,29
133,830
80,468
206,891
399,709
276,341
52,22
261,232
78,164
58,932
104,50
94,600
256,293
91,888
25,172
149,378
82,743
132,200
200,794
28,115
144,271
19,51
126,570
340,650
94,619
386,360
334,499
102,663
125,186
367,62
134,824
314,216
191,978
183,349
388,64
85,753
181,116
367,845
23,777
164,676
223,977
211,976
69,976
140,104
350,483
296,549
14,670
386,109
319,260
229,565
38,905
67,344
389,260
339,435
390,518
362,780
183,773
282,637
221,405
298,255
154,883
253,320
100,112
188,83
375,229
186,513
359,646
177,956
273,816
187,948
252,61
150,318
301,43
347,275
291,751
335,527
90,381
246,49
86,654
69,547
276,404
28,781
230,191
283,248
298,802
374,699
178,331
11,254
291,986
42,407
237,396
361,56
340,339
133,48
319,833
340,388
213,493
166,249
218,644
242,178
112,810
48,622
113,61
301,57
73,553
164,54
51,90
104,703
43,236
138,393
156,106
233,13
41,905
357,818
90,38
123,659
188,349
25,893
148,518
325,150
372,330
91,172
313,47
99,995
260,423
112,438
44,348
38,101
398,617
159,42
190,57
21,126
64,587
212,647
267,460
79,152
76,36
160,832
28,180
202,556
223,200
306,627
309,75
270,304
151,931
34,852
194,133
101,911
278,765
341,570
330,401
148,759
112,310
212,891
165,201
322,258
213,966
372,771
363,723
98,957
200,403
263,405
337,883
85,616
352,377
338,128
232,49
57,234
366,597
350,925
374,987
166,314
338,200
320,186
339,406
18,243
117,371
75,432
268,929
162,105
316,734
232,302
330,771
233,985
34,476
48,705
328,872
204,383
90,337
273,891
153,287
78,604
241,277
205,504
350,142
103,632
191,75
114,287
129,952
101,957
213,430
343,344
102,210
322,895
170,604
51,73
137,694
50,234
135,490
144,720
380,358
344,585
376,504
269,316
110,544
376,915
319,340
19,106
126,390
62,846
338,570
192,45
123,906
354,66
83,112
31,136
21,977
73,153
137,702
284,617
168,148
151,655
379,115
43,517
302,614
100,749
353,709
96,291
387,692
73,182
54,875
18,792
279,983
103,531
203,873
265,795
338,334
193,617
356,936
154,845
352,791
358,961
122,334
155,539
301,933
224,348
228,16
158,26
387,889
249,141
219,752
247,414
338,570
186,996
84,171
291,971
260,93
93,464
299,638
11,865
350,412
365,556
349,216
222,287
386,958
171,333
35,504
138,763
101,749
312,568
24,748
27,185
386,550
59,903
330,133
311,11
90,478
374,881
255,955
305,342
29,481
115,971
176,755
84,529
102,716
204,932
285,566
225,320
118,850
174,180
76,553
361,217
246,226
30,113
31,843
18,217
280,477
28,618
180,175
150,54
57,856
45,821
276,904
183,775
47,526
139,517
87,277
265,726
297,822
109,410
94,979
68,464
319,844
217,183
357,510
272,21
89,964
131,667
365,376
151,302
102,442
295,202
232,346
102,413
76,872
225,860
285,540
328,309
372,404
201,481
230,528
66,455
398,898
227,772
195,733
199,606
38,616
373,719
116,152
289,661
120,524
343,454
97,284
272,567
217,451
129,77
48,449
26,878
131,316
192,483
135,487
27,668
350,573
172,210
288,650
164,338
204,640
34,372
149,300
400,419
241,634
261,673
386,819
110,855
364,926
84,815
272,211
153,654
334,713
169,199
24,904
356,40
93,937
308,337
290,904
382,481
354,677
106,496
361,430
16,580
23,339
230,7
109,715
269,497
326,34
92,453
362,684
166,206
250,241
256,693
187,860
58,632
223,659
371,741
348,523
261,786
290,252
217,908
27,820
17,559
92,255
140,449
299,59
93,695
121,816
229,638
366,312
242,581
51,509
50,990
221,55
63,888
303,615
171,572
178,476
303,143
373,385
332,114
72,201
139,62
15,269
389,43
32,852
142,577
253,545
190,670
371,22
116,537
100,430
216,268
162,242
391,386
69,429
382,960
353,391
50,29
230,195
386,236
126,350
398,682
174,650
293,875
237,204
215,404
24,701
197,30
387,341
116,292
349,679
233,329
134,764
324,572
338,160
325,83
340,568
122,628
268,935
346,279
153,143
174,270
35,826
199,705
181,21
279,364
374,469
299,191
331,473
45,568
270,891
265,895
327,765
211,654
99,685
47,65
374,448
302,782
221,168
330,23
336,422
368,546
186,729
45,129
392,484
232,181
302,450
219,214
53,690
311,699
46,283
206,532
293,687
329,50
206,845
251,672
142,357
32,359
361,546
11,325
172,64
335,36
263,836
240,620
66,381
247,36
377,875
117,323
135,734
337,268
220,344
154,784
184,464
182,643
324,531
26,701
160,247
256,629
248,427
63,777
275,693
277,312
258,535
313,300
206,921
198,400
242,58
129,659
156,37
231,350
217,644
78,983
172,34
21,84
244,139
137,514
88,562
144,96
339,623
119,248
328,925
301,443
333,166
326,608
389,175
234,303
18,404
209,22
63,727
343,14
31,795
41,801
174,608
287,854
50,293
258,492
128,498
364,343
308,142
209,811
219,406
160,254
30,637
362,560
328,421
371,906
32,992
43,545
314,625
245,23
169,953
127,23
11,17
288,980
19,67
291,985
76,653
59,878
318,564
272,701
34,858
178,424
87,109
68,238
366,153
136,860
43,510
129,741
340,918
194,965
143,612
179,178
136,169
303,565
357,582
54,752
62,664
306,454
220,901
72,561
204,483
116,74
345,479
308,505
250,832
338,612
88,55
163,623
292,973
48,699
252,249
375,960
395,667
179,467
36,67
152,217
87,238
295,481
352,193
58,839
156,186
169,400
177,679
192,548
195,242
199,197
218,744
214,813
275,153
293,639
109,310
49,188
65,202
260,72
209,48
46,393
251,351
283,125
247,972
398,631
386,528
178,184
53,694
195,524
198,389
304,476
286,644
164,631
346,226
36,493
191,660
97,363
236,76
380,658
392,116
270,761
339,868
155,783
29,658
339,513
234,65
76,966
95,80
129,906
180,968
13,814
400,442
330,533
273,939
334,345
40,945
282,606
368,614
142,646
287,561
16,814
396,290
269,560
386,491
101,182
33,638
179,101
192,81
110,762
58,291
200,989
42,537
310,318
83,630
132,358
201,863
302,9
296,976
107,959
378,734
261,205
268,642
207,907
270,774
376,970
60,668
283,618
123,450
259,52
331,629
355,219
121,668
56,583
162,557
207,426
366,582
318,447
171,584
351,81
96,920
22,884
287,944
290,405
270,562
203,994
252,981
47,749
350,738
191,402
306,178
293,513
116,365
212,337
18,428
55,695
72,59
210,671
299,206
48,783
23,824
294,134
301,892
106,475
191,547
240,66
52,59
370,971
340,880
329,654
297,193
316,848
275,542
240,644
282,542
249,343
365,591
325,959
18,796
273,712
242,852
128,719
14,616
338,632
16,25
69,500
342,701
118,533
317,126
334,276
115,157
41,856
227,603
362,141
364,370
126,745
91,366
70,353
235,519
221,526
61,970
382,960
240,383
224,173
304,225
72,229
254,592
68,407
185,522
89,941
262,354
242,677
101,198
399,310
184,775
251,277
220,89
330,926
198,924
179,622
54,570
165,341
376,157
222,573
312,929
380,92
131,631
143,479
227,42
228,947
121,100
122,55
314,992
306,80
141,252
169,510
73,639
309,763
379,467
29,557
129,540
257,437
127,111
334,172
239,868
49,823
27,242
346,694
381,886
49,484
399,644
308,687
319,101
349,348
29,676
295,535
267,904
52,685
325,508
181,449
382,959
112,67
292,798
371,820
18,89
134,323
231,809
169,715
325,429
388,457
355,436
220,704
376,403
126,578
374,77
144,665
25,119
289,994
235,852
111,997
315,742
38,21
149,663
85,144
188,746
192,926
193,107
205,99
354,100
340,653
305,568
74,250
377,156
239,607
76,641
314,899
197,381
119,804
64,85
389,894
175,759
378,491
328,804
159,741
68,317
22,728
29,263
262,960
98,842
87,434
102,850
247,969
278,415
162,122
110,726
204,359
114,665
113,994
204,896
372,823
161,53
209,509
47,916
161,580
327,856
229,990
63,886
71,899
320,854
395,630
188,801
218,927
195,798
32,456
262,925
194,395
307,108
368,254
73,45
41,208
179,230
87,833
124,291
32,106
298,81
328,729
254,903
123,612
379,245
228,885
139,841
26,41
200,69
12,297
244,215
362,798
52,787
362,28
266,928
41,870
100,702
327,956
295,300
221,757
320,813
381,254
167,885
396,509
284,628
118,187
74,905
288,532
120,747
107,248
334,768
66,690
135,381
88,612
178,329
250,702
264,403
328,508
263,893
156,849
45,842
106,467
80,906
303,289
254,30
60,132
338,484
397,306
304,666
24,883
62,979
213,858
187,328
381,417
216,441
62,580
202,516
16,737
55,543
265,266
66,97
356,329
242,331
78,339
111,640
45,963
355,281
218,953
253,246
379,117
321,756
168,349
158,707
50,475
201,47
206,725
74,137
392,704
59,204
45,909
237,110
397,692
204,834
222,33
360,286
274,97
344,388
189,754
153,771
214,461
336,430
55,435
337,741
214,724
240,811
203,556
319,381
121,81
103,914
387,901
92,553
316,646
383,307
128,809
186,345
332,586
39,734
132,267
176,661
129,81
85,868
387,480
101,464
241,226
244,406
231,120
102,15
257,288
20,273
219,423
312,795
342,438
185,78
171,32
260,910
167,398
365,659
10,157
100,859
165,655
268,5
372,228
201,201
85,363
321,898
340,224
70,966
100,584
282,588
358,942
347,945
131,599
193,997
152,887
313,244
45,582
233,482
221,865
14,456
72,821
162,402
221,598
284,679
252,307
253,320
187,772
76,130
300,997
136,829
41,239
362,504
22,131
35,495
36,44
57,974
288,933
233,264
113,925
298,970
145,713
166,246
29,183
347,415
394,951
291,40
30,912
189,335
162,339
44,672
33,945
361,38
348,92
353,596
128,988
246,895
222,255
119,670
211,832
167,603
354,760
275,118
282,245
206,449
386,501
309,787
16,615
115,55
110,625
239,820
265,619
349,663
335,661
221,344
395,581
287,522
376,938
392,444
315,153
246,950
258,186
269,502
244,10
102,76
154,240
318,482
325,294
359,640
95,648
75,223
226,366
399,287
99,532
307,100
302,699
72,100
353,463
172,177
348,904
126,975
323,151
85,510
32,757
191,368
256,599
80,870
192,411
48,989
240,66
93,235
134,620
46,709
394,791
66,724
259,141
398,140
176,171
24,991
96,279
203,490
48,729
332,991
26,99
238,544
339,847
159,888
65,789
139,781
250,327
59,696
73,820
85,613
220,333
122,315
345,313
90,521
120,969
109,316
384,401
237,770
104,730
365,689
19,339
277,276
262,714
162,972
206,473
32,122
149,577
387,891
162,398
309,697
335,985
330,539
182,688
102,678
384,740
290,338
186,112
280,292
230,745
291,64
112,753
256,776
185,170
268,102
183,363
36,959
243,299
164,256
356,991
183,941
324,465
143,504
374,118
80,53
327,698
284,318
226,384
353,291
313,872
235,106
245,310
274,83
75,811
48,362
302,624
107,164
118,597
250,864
353,675
170,204
60,588
364,925
37,291
19,147
292,39
78,683
214,941
115,10
79,947
289,745
219,230
97,960
157,271
193,526
37,431
50,545
248,862
84,663
344,693
179,467
120,454
332,549
157,255
284,256
224,166
370,489
160,466
131,58
11,234
54,50
98,647
280,983
250,847
242,442
322,634
76,803
249,575
98,954
287,630
278,956
167,596
37,7
116,986
367,577
48,342
385,837
251,387
42,269
318,332
173,348
29,278
227,170
328,160
365,394
161,863
199,487
260,145
199,562
214,146
139,433
46,190
325,757
105,255
309,739
14,540
335,419
262,582
26,618
83,262
141,257
292,323
304,916
15,277
12,437
277,733
267,103
384,142
296,604
296,360
25,216
147,957
324,147
223,467
17,325
347,932
392,381
41,922
48,704
68,994
376,493
127,547
255,119
38,764
237,134
91,18
148,303
205,198
274,173
12,47
19,761
164,743
395,9
71,159
127,82
214,385
50,295
378,182
33,351
369,159
132,262
122,414
41,405
316,463
296,737
13,247
193,907
342,881
171,634
21,140
160,951
129,544
385,31
310,285
11,355
253,709
86,470
59,347
275,498
295,804
332,961
54,45
96,207
199,397
292,198
65,889
275,608
264,272
67,317
42,613
293,744
270,998
392,678
399,789
354,737
68,443
51,239
331,888
199,312
265,69
112,46
318,322
233,528
398,180
249,787
250,207
177,388
265,612
26,429
285,587
59,680
63,92
254,98
217,997
248,613
100,834
361,120
100,225
286,149
348,647
267,399
327,911
351,712
86,970
309,121
100,118
254,447
38,92
136,556
219,138
366,648
362,294
75,889
124,517
92,354
79,605
186,427
147,609
392,771
241,74
301,987
307,557
177,888
370,317
62,424
183,402
192,922
230,41
51,424
393,481
132,355
221,490
269,577
366,353
332,200
286,691
67,95
169,160
314,839
276,78
398,514
215,989
199,107
80,290
148,388
64,54
284,79
251,607
357,865
117,234
314,904
273,762
108,514
384,368
367,614
389,432
234,794
102,619
94,271
65,313
280,337
31,753
180,847
197,190
203,923
330,876
251,563
318,521
126,877
386,889
249,257
384,57
399,172
334,233
321,329
150,983
317,352
400,230
133,557
159,546
213,465
384,61
102,612
116,367
96,335
259,842
315,7
377,510
150,731
277,51
363,270
60,440
28,734
90,648
378,640
82,437
189,856
246,131
369,947
197,107
330,899
337,902
382,689
113,238
166,798
127,283
200,563
293,705
180,512
296,66
147,504
390,510
382,786
266,898
73,951
36,129
238,322
251,109
141,407
11,37
399,471
338,611
23,947
30,725
95,89
182,344
67,599
246,620
305,930
124,44
292,61
207,965
75,471
400,64
383,954
242,424
198,732
288,686
208,931
336,407
343,25
111,192
58,433
276,452
339,867
227,810
390,644
260,689
271,99
287,751
350,189
318,532
205,107
344,874
103,664
355,886
392,75
265,15
174,826
71,731
162,961
328,150
313,483
191,407
18,985
186,672
122,236
24,950
169,309
356,226
367,243
92,581
315,342
80,253
296,972
377,923
392,961
263,256
365,688
215,703
373,712
31,510
275,629
122,215
77,49
125,248
256,825
197,434
398,536
116,452
364,906
131,303
333,302
89,325
102,575
261,411
130,441
217,722
195,720
342,741
286,600
396,702
171,894
200,977
119,705
236,339
178,457
133,814
244,669
14,222
98,512
183,925
139,502
62,901
32,376
253,31
288,87
204,871
295,556
37,137
386,750
86,691
380,793
288,135
267,572
228,787
60,915
222,615
388,403
42,767
12,136
265,65
381,895
77,124
133,885
234,927
333,714
48,845
133,947
218,537
104,617
287,866
301,907
275,86
388,928
66,461
393,369
261,177
44,871
305,39
397,142
229,137
281,866
42,57
277,242
91,495
12,964
383,868
166,592
260,70
160,397
114,636
284,323
51,637
25,466
380,348
240,650
261,369
205,578
125,43
144,168
314,317
178,178
114,346
271,518
355,792
12,860
180,838
215,477
308,836
93,107
304,858
206,752
252,545
57,585
151,748
113,438
199,759
385,257
151,700
103,599
47,167
304,269
357,840
345,845
201,950
44,797
180,923
317,737
343,239
182,775
212,341
287,64
116,306
160,891
317,690
395,178
15,661
253,912
104,53
244,889
395,766
339,783
355,430
337,782
231,583
184,272
216,943
213,317
84,152
229,465
142,139
296,250
163,835
29,193
298,940
395,753
276,782
323,104
391,537
274,234
182,846
318,518
312,357
43,29
396,137
253,927
361,386
164,577
370,805
226,892
143,218
16,875
322,971
44,773
103,839
129,787
164,656
217,241
327,961
183,803
145,711
187,304
264,872
95,495
301,330
107,653
173,510
375,502
85,165
291,144
28,89
369,170
394,607
388,930
239,332
26,878
39,807
307,274
138,656
157,583
57,490
295,888
230,215
81,171
80,900
202,269
37,163
353,923
352,224
40,669
126,106
32,406
234,392
395,877
21,754
124,111
38,702
353,212
250,376
143,248
368,173
256,136
133,793
351,740
34,532
326,484
312,33
169,71
285,301
94,803
377,661
34,940
91,297
349,332
122,36
99,71
295,121
349,928
173,464
360,389
215,737
175,470
397,384
368,65
190,71
294,408
177,765
381,315
112,739
297,180
57,77
54,909
11,459
379,993
73,177
295,973
177,407
267,452
14,371
278,389
65,948
395,865
240,5
241,106
394,141
42,97
122,516
219,103
394,641
41,605
38,780
46,735
349,175
202,655
262,533
198,494
260,82
35,325
305,211
344,823
207,346
43,555
153,870
135,104
235,788
55,425
255,234
200,160
123,730
310,991
190,95
228,862
63,239
387,77
329,912
327,48
127,55
183,986
22,923
296,722
185,718
251,329
40,563
201,146
137,334
389,304
240,497
229,932
363,176
204,81
350,241
11,278
229,178
338,733
254,842
79,269
265,532
47,332
339,981
294,863
331,263
366,147
287,496
115,357
341,362
170,856
382,166
371,379
308,589
104,263
228,969
244,587
300,939
217,139
301,268
10,525
250,235
251,533
114,749
393,900
91,598
267,141
239,572
47,384
104,799
53,300
24,37
314,210
90,389
12,586
95,824
70,330
371,473
224,143
385,83
249,678
350,785
295,58
361,313
30,718
349,400
183,937
293,921
310,354
203,729
275,768
16,534
300,495
331,338
352,614
85,867
330,391
31,458
364,913
335,985
150,242
294,67
63,176
259,436
89,760
257,480
15,241
335,29
61,457
332,540
194,914
146,398
190,449
252,208
327,475
85,890
114,695
163,209
269,639
194,112
177,160
335,547
110,164
156,603
70,50
310,382
152,586
136,505
140,777
195,565
187,96
327,736
65,358
169,320
216,155
221,445
284,855
144,711
294,997
315,673
143,235
384,382
27,526
382,535
312,527
180,131
397,664
203,870
101,45
289,57
213,498
94,432
95,486
13,268
26,296
35,796
298,415
330,506
18,311
274,472
151,769
350,768
269,893
128,481
245,232
189,588
61,701
216,979
258,574
327,446
196,235
235,484
39,425
119,363
270,649
216,19
377,154
66,721
291,742
167,392
143,351
182,991
151,867
353,886
260,460
377,624
136,887
395,367
381,334
212,390
286,582
311,842
33,449
100,695
250,341
58,26
172,52
303,114
154,370
35,540
363,269
144,595
360,460
313,802
183,749
345,981
50,225
105,958
55,945
391,109
68,194
207,665
98,674
111,716
60,397
370,142
187,488
334,723
360,568
140,990
389,725
292,541
244,84
352,807
339,593
360,101
64,199
387,107
79,640
74,924
172,962
331,472
166,622
182,906
56,229
262,452
220,553
86,964
36,754
49,933
225,956
363,710
103,765
74,405
262,926
213,279
300,319
84,14
61,863
177,92
216,623
251,122
23,570
302,567
75,687
310,30
118,769
260,965
71,481
296,705
24,378
294,300
306,769
198,580
37,825
70,443
218,663
92,708
173,184
268,555
328,774
186,24
17,393
206,173
362,605
140,969
80,112
386,911
237,422
212,175
237,292
283,411
273,283
49,270
397,578
164,17
71,636
291,962
287,758
94,656
281,98
372,549
367,867
190,24
282,467
30,113
318,273
275,321
95,29
65,744
170,456
258,132
104,728
375,936
237,543
31,331
48,273
353,363
167,226
228,925
359,154
266,192
165,563
325,907
240,181
204,69
21,333
91,607
231,146
393,879
358,687
335,280
40,955
296,431
221,367
253,367
46,717
142,71
208,7
13,403
302,281
74,659
25,755
353,667
108,9
324,6
301,947
360,460
164,849
251,355
109,540
108,863
300,281
205,398
269,906
371,513
189,868
74,659
322,208
155,329
309,403
385,765
338,550
366,260
331,139
385,264
11,670
373,667
217,766
266,695
249,969
375,483
232,775
70,449
321,984
298,68
394,168
95,44
86,601
267,616
194,862
35,799
305,298
290,779
54,738
380,621
59,867
367,490
299,560
316,924
24,191
345,203
34,568
391,891
75,187
172,773
344,568
357,858
265,135
362,766
213,610
370,126
30,52
141,182
34,642
130,562
138,290
24,582
180,137
53,627
39,617
235,190
271,343
72,936
114,848
223,942
101,212
317,560
138,869
272,814
71,677
243,966
91,602
199,87
162,768
337,843
238,936
139,861
182,368
277,444
86,197
144,921
167,143
285,874
168,708
263,746
359,941
89,258
344,627
136,784
155,301
190,566
195,711
250,141
299,116
394,663
188,417
36,559
104,111
91,90
233,84
387,741
205,401
42,893
85,161
327,913
73,741
116,749
198,703
24,879
149,460
18,117
52,342
362,893
341,72
220,127
19,428
58,883
336,138
138,1000
337,189
76,323
220,615
278,229
120,260
145,953
191,724
370,285
108,266
234,657
143,93
334,807
218,535
265,653
216,951
312,963
138,623
369,604
393,675
228,865
169,740
306,422
26,92
48,262
236,783
222,356
201,71
183,600
46,265
186,687
182,640
34,482
384,224
279,881
392,290
290,672
91,10
57,430
174,524
96,615
81,780
275,509
126,625
339,856
388,833
61,275
144,742
154,179
54,772
271,515
343,997
160,490
371,276
159,618
216,198
37,409
231,929
164,70
178,126
71,195
231,459
94,388
311,323
367,933
218,496
141,359
159,654
219,978
35,582
306,595
30,699
206,388
365,936
241,912
49,553
243,461
293,977
36,217
369,463
33,823
227,197
64,295
96,492
204,477
230,20
291,978
382,775
68,74
175,338
158,198
383,177
34,898
255,891
312,160
192,598
225,691
19,931
174,764
360,83
216,647
263,472
137,893
375,986
218,798
358,461
240,127
289,470
167,531
225,719
369,924
254,517
314,66
317,341
378,535
259,501
257,736
370,715
125,298
113,43
272,723
354,146
32,670
258,9
319,42
105,859
295,527
330,425
62,904
213,628
182,641
305,903
268,643
117,727
41,680
14,688
100,332
13,713
100,362
71,545
104,769
35,718
188,726
67,177
67,815
356,911
365,452
309,684
154,800
282,996
20,456
303,477
311,716
291,999
103,404
86,560
51,690
375,352
51,466
320,508
25,913
261,34
397,683
160,235
60,548
284,605
331,886
268,623
117,559
242,837
280,853
320,873
378,479
267,720
294,10
56,995
283,769
37,35
159,703
144,183
210,254
206,726
129,519
367,690
108,876
202,222
357,545
97,961
109,760
275,171
367,951
303,972
49,695
210,322
79,310
349,218
334,481
308,457
373,226
247,861
358,750
187,75
376,911
11,279
175,808
338,930
203,371
86,263
315,610
77,728
391,245
114,698
274,646
399,433
315,173
250,337
356,881
34,155
83,531
11,571
235,528
222,370
187,322
81,824
361,158
216,689
144,316
139,454
366,831
25,294
27,774
150,789
118,732
333,581
370,200
177,170
318,85
89,471
384,307
189,113
310,170
361,934
186,656
205,294
289,524
56,304
337,236
75,139
161,989
20,946
288,529
176,95
310,405
321,948
86,490
160,93
58,290
326,132
147,760
62,838
20,487
322,848
299,332
63,262
322,332
36,454
266,901
379,859
256,976
67,462
362,590
369,124
367,903
173,603
218,432
194,789
339,478
236,17
41,97
121,552
367,804
273,930
26,606
256,55
36,111
168,934
361,381
169,667
356,714
243,37
382,867
188,318
58,90
272,130
97,220
377,875
321,538
393,509
213,392
265,71
42,426
100,976
234,107
169,999
252,304
281,438
247,704
361,930
46,16
211,613
259,802
379,757
14,815
211,256
213,994
37,463
300,470
352,602
341,871
322,288
282,452
321,948
343,837
369,996
384,757
249,998
179,311
268,854
268,365
165,241
305,991
311,485
222,170
324,257
255,40
105,542
57,36
271,845
126,588
134,849
336,750
118,920
358,111
277,330
344,581
311,354
153,639
349,349
317,614
58,559
394,597
335,976
355,31
63,674
342,721
161,927
396,75
117,716
56,332
394,891
388,915
305,697
298,174
302,155
94,518
381,24
373,929
57,131
132,386
232,250
58,536
382,898
284,181
336,893
34,616
169,572
109,228
27,278
260,795
265,383
16,763
277,764
283,742
243,976
26,229
177,546
343,62
393,610
214,693
335,296
349,779
348,155
157,744
42,425
154,40
220,637
77,612
338,249
101,501
289,877
151,975
147,795
40,420
259,550
90,183
303,372
326,590
331,958
84,285
322,481
29,953
208,689
57,631
80,497
219,95
218,942
145,50
85,501
121,599
320,592
298,695
270,221
88,345
158,202
102,920
362,80
208,352
365,374
115,399
97,36
107,296
291,934
226,832
155,922
340,469
42,588
34,299
225,657
91,963
350,159
161,881
95,614
119,793
251,235
394,68
37,604
71,107
246,432
312,24
147,144
26,6
204,551
101,873
114,963
329,99
315,449
393,788
391,902
222,17
100,709
319,621
75,836
179,519
278,926
301,521
254,996
169,887
328,584
79,602
28,966
392,215
274,375
391,666
329,115
181,858
52,788
51,584
16,333
314,127
33,666
133,908
215,815
137,513
154,998
237,315
99,44
198,814
314,534
76,111
350,984
198,899
393,698
230,79
318,198
226,129
234,457
92,778
202,111
379,95
240,574
53,719
396,181
274,846
79,14
388,745
273,255
304,368
307,75
312,289
356,122
264,934
14,41
218,916
110,704
34,801
379,284
129,479
187,371
136,566
50,99
325,336
85,268
231,877
41,812
332,751
300,232
119,180
389,503
87,214
108,436
289,340
32,819
230,917
77,996
104,195
203,147
210,715
365,44
374,229
53,241
154,62
354,756
66,557
21,324
207,169
208,831
134,616
151,346
294,680
364,863
293,266
140,105
332,246
155,154
51,583
154,861
100,230
153,19
354,355
373,323
100,704
367,298
349,248
264,732
344,139
363,815
94,186
343,836
243,151
319,275
107,306
114,314
159,354
281,406
74,11
317,943
277,877
319,387
283,684
169,973
175,564
168,232
381,825
369,234
127,223
389,625
17,639
388,873
50,462
124,287
72,749
207,41
130,854
158,937
192,351
345,159
165,862
331,502
15,178
338,437
246,87
111,290
371,185
223,457
274,958
253,754
227,403
40,476
25,360
381,378
102,857
35,189
275,149
270,203
127,509
328,434
140,475
253,993
132,961
170,125
104,692
86,691
85,995
368,201
84,658
196,717
304,908
19,873
326,678
19,963
44,708
174,955
242,910
113,628
356,640
297,786
309,783
229,853
41,152
234,92
304,853
375,355
324,278
287,78
371,371
256,726
393,616
51,8
169,611
205,772
337,265
209,477
356,178
111,564
271,906
224,807
30,896
98,574
236,310
325,946
222,67
32,939
171,752
359,924
385,661
393,513
370,289
325,843
162,517
211,545
397,236
238,353
19,827
139,237
14,314
68,693
159,900
385,506
30,287
347,54
372,159
29,438
197,452
145,838
161,449
59,383
392,805
182,77
299,915
259,727
149,272
63,736
59,224
339,314
328,111
32,384
394,993
227,21
339,639
253,102
394,384
40,239
178,85
298,306
277,663
39,985
209,257
23,695
259,148
128,867
359,720
321,60
277,790
239,490
131,151
353,188
30,208
63,721
25,120
320,138
108,323
352,351
52,523
249,323
213,704
230,174
68,510
165,137
235,258
350,524
145,417
227,950
108,119
124,455
354,313
225,693
300,356
63,592
59,11
189,991
355,756
307,633
124,433
321,824
141,215
338,538
157,523
398,143
355,911
299,149
53,829
389,783
182,164
196,988
129,654
45,218
94,386
239,226
204,791
85,19
179,394
194,821
29,937
49,864
274,914
297,79
392,540
165,512
359,937
263,399
15,981
224,426
307,390
49,747
351,166
31,604
183,120
299,671
48,854
121,276
106,490
33,765
330,719
249,324
297,809
99,892
55,628
343,935
245,66
326,218
375,781
13,899
274,249
393,862
115,182
72,555
344,406
25,412
214,809
48,401
43,693
56,993
390,326
257,353
390,840
116,14
32,254
169,840
347,513
343,420
301,881
85,407
64,259
262,334
176,596
19,888
278,856
121,512
350,519
389,226
33,162
60,84
142,62
313,436
14,414
249,738
321,484
156,606
302,312
255,52
302,996
274,594
260,464
255,674
191,715
338,79
87,233
288,146
386,877
313,713
126,231
351,702
330,438
295,356
258,968
241,103
395,408
180,839
350,7
273,429
169,272
101,382
77,144
152,188
308,179
228,29
309,816
331,38
12,446
381,870
324,391
162,991
148,649
302,913
97,296
304,316
281,445
284,925
220,645
298,766
219,914
111,141
365,968
381,183
194,58
188,817
290,34
39,289
337,775
50,817
364,131
257,966
242,353
62,723
159,845
371,357
351,703
218,570
251,265
327,299
371,949
117,808
159,489
329,522
159,459
337,578
217,161
123,420
347,82
356,685
129,331
206,373
145,693
147,22
128,350
155,122
376,977
22,28
148,870
26,33
20,853
240,436
151,28
106,365
370,644
109,474
387,262
203,990
214,548
85,751
285,771
76,571
172,606
144,110
371,562
145,653
150,27
144,273
24,896
399,945
162,214
361,449
177,846
17,485
163,538
379,915
142,480
234,47
243,235
300,743
163,52
70,995
134,274
329,698
150,376
181,595
90,397
41,103
167,974
285,819
14,336
109,634
171,8
393,464
124,223
371,995
286,181
206,837
242,193
103,108
364,807
203,179
35,88
90,354
317,684
336,380
242,630
274,260
312,335
165,284
225,558
240,981
321,844
325,639
206,805
181,259
220,355
360,916
115,71
266,51
122,20
156,637
317,276
379,826
389,707
38,99
245,505
86,98
174,629
236,957
330,233
152,746
87,132
297,920
84,679
23,29
290,10
256,139
204,741
334,852
236,631
264,37
216,284
183,876
349,964
147,156
307,318
368,379
291,126
398,799
121,920
78,567
249,387
285,756
70,408
168,351
355,449
303,469
139,296
212,766
121,902
255,12
389,904
255,771
19,170
371,171
39,94
378,492
22,83
289,885
68,141
391,337
237,943
299,988
118,18
344,788
272,681
290,603
163,340
312,173
319,325
355,769
180,374
138,650
370,179
111,562
345,837
308,258
253,338
375,766
111,760
281,138
41,217
40,599
358,513
212,586
226,490
194,648
306,378
336,804
387,916
147,401
185,942
234,565
307,206
65,212
117,519
92,585
281,887
242,717
82,850
209,707
135,610
351,690
174,808
291,104
279,495
172,964
356,768
94,540
326,156
304,516
147,792
309,673
218,342
306,939
226,87
23,498
209,448
306,445
281,329
86,183
175,217
312,283
356,724
118,170
100,332
197,981
247,562
165,373
351,206
300,134
323,927
88,462
351,811
81,281
250,981
106,240
203,459
61,259
208,505
96,224
338,663
182,287
195,455
241,407
276,94
207,308
98,138
258,345
249,724
35,899
255,912
314,988
276,532
42,60
360,773
246,454
110,570
238,54
37,769
357,595
123,338
271,382
253,268
137,823
69,279
334,204
388,266
311,219
383,164
45,887
283,314
358,553
51,195
283,94
87,160
253,352
369,310
257,194
103,406
294,288
190,83
262,771
391,534
88,579
38,77
275,680
355,128
142,340
305,457
257,258
247,61
259,589
338,294
187,750
219,184
155,634
187,831
26,600
78,690
125,705
180,738
400,181
326,451
196,606
133,115
98,924
52,385
115,829
219,684
301,322
214,855
167,91
91,972
79,172
168,701
370,984
352,458
207,774
81,88
353,295
281,966
61,197
74,379
17,715
201,572
346,978
231,21
18,364
345,878
398,217
238,487
99,611
65,315
276,347
356,795
212,200
262,291
274,390
309,399
343,66
52,686
288,999
193,614
218,639
274,207
167,410
57,604
108,206
119,7
398,727
369,375
302,796
352,356
241,349
392,563
62,875
336,927
314,439
167,401
364,245
325,482
361,6
156,568
358,780
11,767
179,400
11,785
354,124
245,578
248,592
345,58
249,984
98,125
183,458
236,35
156,622
348,491
189,399
41,158
395,375
60,29
316,145
119,586
61,545
179,707
315,156
212,22
272,916
47,306
182,12
72,328
184,44
68,81
282,849
331,717
181,572
325,922
26,270
350,573
287,723
27,18
121,816
129,231
368,450
46,622
209,204
36,774
239,62
358,854
311,728
313,472
278,624
15,537
144,546
368,414
147,723
215,409
141,974
103,299
269,51
103,91
358,992
24,811
261,725
388,846
363,209
140,869
30,395
190,573
60,815
117,225
86,79
26,793
304,197
238,289
296,990
87,382
163,351
151,868
194,495
238,383
385,259
117,142
189,909
391,349
396,659
283,405
397,654
261,860
132,890
229,631
326,496
384,443
298,452
68,370
20,925
14,310
166,964
49,353
253,496
73,994
151,396
91,825
324,54
84,710
97,961
38,86
221,438
116,65
387,865
290,31
361,751
357,86
56,176
26,728
76,39
353,768
330,540
349,21
357,913
112,329
66,365
310,614
194,994
124,206
72,306
344,694
31,59
56,998
312,976
226,133
371,305
141,278
395,826
110,881
334,832
145,568
307,274
99,343
172,510
154,106
195,271
18,899
160,600
61,686
129,449
46,413
272,655
291,380
181,293
208,734
69,134
41,879
276,311
121,42
394,202
191,45
278,944
365,890
188,94
261,815
106,147
208,9
49,141
213,150
99,107
11,706
302,773
172,182
361,292
363,308
223,548
137,767
351,516
218,580
205,388
191,760
143,430
392,145
170,290
200,602
204,28
263,168
234,239
324,216
356,507
126,89
349,938
105,297
33,295
73,57
329,200
65,600
208,721
268,376
304,217
24,21
265,336
35,202
77,470
77,617
192,290
160,676
212,947
31,931
121,158
204,548
22,840
162,223
167,102
359,590
104,684
197,751
327,39
77,450
15,856
375,93
75,789
184,363
57,909
107,981
50,951
15,214
317,861
320,874
118,583
395,78
276,948
27,554
122,218
63,265
239,352
115,123
301,984
63,438
305,968
25,140
20,822
243,201
380,985
281,615
302,448
258,348
44,343
95,990
297,668
191,236
383,595
123,413
91,263
13,533
238,392
276,35
11,703
208,321
222,743
174,51
225,131
221,866
136,378
390,506
376,714
84,283
103,420
219,564
79,216
126,765
121,425
226,187
64,453
294,15
226,589
174,449
148,706
390,691
376,465
325,510
161,174
325,935
267,435
277,477
284,149
233,373
66,396
30,416
40,253
245,291
186,213
242,681
178,548
384,956
285,692
75,493
167,864
310,761
207,977
85,126
255,429
186,560
22,266
225,135
120,961
153,463
286,633
47,895
184,34
378,378
18,859
262,721
343,414
246,399
365,508
238,861
147,289
70,478
17,831
362,646
390,953
102,100
100,832
292,691
187,305
46,301
239,529
248,645
196,498
259,636
264,593
275,173
144,934
135,124
101,369
50,29
272,36
30,261
175,459
369,974
237,663
43,883
254,915
188,899
201,352
318,384
120,62
91,654
63,106
342,317
188,720
290,486
215,206
292,619
380,915
163,368
207,729
131,426
151,712
69,82
387,342
305,984
383,922
372,661
319,552
105,270
49,932
109,663
103,919
159,279
182,619
36,928
231,383
394,644
268,544
35,281
171,509
171,146
108,575
174,479
378,547
139,881
47,445
387,340
226,724
80,473
199,247
309,886
316,80
158,712
166,566
208,269
359,125
161,118
227,264
312,952
310,432
338,693
13,969
339,422
144,593
382,246
216,829
215,792
367,583
141,763
358,227
226,401
248,690
69,352
351,532
223,472
34,125
70,634
25,101
321,673
249,723
101,579
213,96
341,925
104,585
30,241
193,62
385,835
328,779
381,201
38,807
378,652
244,336
275,33
16,455
353,360
391,768
296,520
378,84
257,635
345,881
379,252
48,611
214,989
197,303
295,226
173,170
101,27
63,48
155,745
196,485
311,61
313,112
213,244
386,444
16,847
215,995
131,87
57,544
133,301
158,380
136,593
305,524
174,413
346,56
365,266
293,679
382,565
296,549
245,285
217,552
162,503
133,621
334,971
271,490
168,926
320,177
345,356
128,445
368,526
101,521
210,988
299,471
201,171
268,76
346,276
110,646
206,790
85,947
62,58
155,709
121,410
187,358
146,206
395,226
200,465
179,759
208,55
388,156
330,340
174,326
375,642
238,982
33,478
349,346
328,987
302,493
396,268
318,561
272,712
118,39
399,928
207,642
312,472
186,128
59,197
29,234
383,6
191,159
250,639
231,699
271,713
53,770
54,625
189,856
247,52
17,767
45,43
169,384
337,284
378,177
285,969
61,864
20,300
281,515
153,10
399,486
304,9
393,318
53,551
237,938
378,606
247,93
93,820
87,869
299,769
306,785
224,34
70,821
192,628
145,175
284,576
280,868
49,452
311,644
227,823
93,728
261,733
193,252
136,58
145,302
271,332
96,277
358,356
293,873
107,902
32,425
61,983
98,300
362,882
177,178
351,444
237,940
267,814
260,159
195,673
27,20
48,737
235,875
283,946
307,105
63,963
110,433
149,213
325,518
96,66
255,52
322,859
378,174
152,808
186,657
300,239
352,500
229,968
173,773
181,943
14,89
255,469
316,491
365,138
72,557
119,796
126,37
242,48
219,706
351,563
330,862
19,500
279,385
227,592
220,517
334,994
29,142
24,15
293,379
256,150
297,441
235,828
382,821
377,946
148,62
48,129
258,646
103,395
186,988
267,419
70,437
332,219
122,616
254,30
301,814
351,572
208,452
308,899
389,962
260,18
156,840
44,638
180,262
69,505
288,444
57,785
188,151
145,994
33,951
38,158
158,407
371,560
284,569
29,533
399,484
227,581
260,393
170,563
217,56
312,99
158,542
292,742
134,662
67,418
63,194
394,296
11,327
46,151
320,306
117,876
203,993
215,193
161,32
119,341
39,866
380,607
229,177
30,176
239,138
75,8
384,19
267,311
258,472
371,800
161,833
50,44
399,710
25,301
28,625
102,441
318,18
147,770
370,576
294,608
287,552
219,973
297,657
235,62
377,785
118,678
99,318
106,291
266,593
362,444
63,114
281,30
105,911
63,87
158,329
350,185
142,19
358,932
258,920
324,414
96,199
162,719
256,202
121,183
339,579
75,904
369,926
374,890
148,839
200,949
12,302
24,394
15,720
214,918
328,471
377,600
381,70
288,603
135,955
287,604
80,528
145,710
56,987
378,289
313,227
26,147
321,562
229,30
247,963
269,396
164,420
363,525
311,961
207,341
63,445
197,521
400,939
99,538
97,911
119,371
192,430
352,68
118,745
299,802
318,783
167,217
148,703
43,405
333,502
17,914
150,937
281,440
238,515
110,613
326,696
263,982
334,427
391,251
88,679
212,677
54,192
377,143
108,370
242,497
261,957
295,808
84,477
315,326
315,642
227,308
81,669
384,941
366,15
296,685
291,40
61,630
314,931
355,441
248,49
52,825
48,42
43,198
163,557
218,387
332,594
213,5
144,360
331,812
389,977
187,507
43,401
327,565
161,506
67,657
222,398
371,300
165,569
188,621
242,285
372,522
309,254
141,663
42,527
27,950
14,78
355,67
94,717
19,209
40,316
118,214
54,585
268,586
348,456
308,140
224,314
38,359
271,879
275,537
23,197
343,587
245,943
67,785
184,537
322,393
192,221
185,326
353,115
223,914
194,443
120,302
95,424
343,197
194,741
281,828
70,970
347,900
313,748
254,457
18,373
100,813
35,888
14,149
357,407
131,245
378,983
342,202
56,875
333,58
278,935
123,360
16,399
225,207
70,100
199,341
383,587
45,304
256,208
85,200
20,986
24,687
183,255
398,426
318,206
125,108
216,781
177,471
33,621
129,154
85,74
374,581
217,954
45,174
392,218
57,861
59,371
63,584
78,193
330,620
91,44
249,132
225,382
252,701
30,896
24,970
189,110
270,864
324,712
39,530
14,188
146,223
119,497
286,902
312,426
80,137
72,739
280,447
64,82
141,260
322,334
206,503
381,979
398,861
153,755
136,812
203,347
243,353
92,57
318,859
124,63
398,530
346,149
143,765
142,334
393,176
278,186
238,766
135,950
158,508
173,894
396,192
262,579
161,411
374,926
230,925
289,760
77,210
20,505
93,37
374,31
61,384
32,346
296,891
286,658
64,606
359,931
170,840
184,44
362,636
45,90
71,451
339,949
134,98
303,12
260,213
143,807
93,990
26,291
232,245
298,710
114,699
156,456
303,577
162,203
356,54
75,816
91,605
49,31
168,600
360,416
172,152
282,644
13,117
124,626
135,523
235,493
367,11
162,497
38,521
390,492
381,342
52,577
133,938
181,738
109,342
197,120
72,621
284,366
175,867
281,645
224,660
216,815
259,708
350,797
220,533
209,739
350,733
371,551
87,61
283,837
384,320
132,603
227,211
146,649
111,617
217,175
108,614
254,315
367,545
352,48
100,779
261,153
84,314
77,459
310,542
250,34
65,440
107,127
83,203
15,636
95,420
240,150
276,840
362,456
249,84
282,866
49,555
194,88
383,761
229,271
269,669
203,767
357,757
200,688
218,105
347,568
14,679
146,672
176,86
336,954
155,47
262,945
259,797
170,291
168,849
330,689
18,359
60,310
103,521
229,852
153,330
280,723
152,272
198,549
141,992
399,898
141,280
20,938
365,810
110,269
361,6
179,39
196,136
314,685
227,575
246,658
377,77
11,629
149,171
222,987
261,146
108,591
361,367
152,242
23,120
311,626
270,275
56,804
337,713
361,706
350,200
299,36
326,351
50,413
282,960
138,968
94,225
381,85
142,118
252,183
252,619
211,573
350,522
55,140
119,895
209,552
63,394
220,95
35,990
52,513
337,167
123,200
88,350
288,371
208,509
33,176
297,768
176,651
319,632
310,627
253,394
205,989
192,311
13,84
12,704
11,681
261,515
59,259
136,834
313,316
387,920
264,734
114,517
280,351
331,688
370,981
164,187
169,923
225,489
362,35
247,139
20,511
77,196
30,562
22,149
83,992
252,424
163,533
275,409
14,830
311,71
126,488
232,183
56,866
211,664
183,357
178,129
187,475
343,878
164,515
83,936
183,158
184,696
82,345
392,878
57,779
88,851
361,518
170,590
347,664
359,971
223,668
362,759
33,225
398,880
192,167
43,67
72,920
190,704
201,636
172,434
370,975
370,180
210,479
222,187
139,961
14,333
41,258
49,74
378,991
146,458
95,990
333,648
76,696
119,280
311,904
258,725
159,646
279,142
298,527
172,667
263,541
326,70
128,347
114,149
166,342
185,362
303,146
125,299
99,37
323,691
198,340
371,81
280,775
87,908
231,772
96,899
158,586
232,906
213,561
45,613
218,660
351,342
60,204
227,559
170,783
289,233
120,622
266,709
349,973
154,922
132,50
172,477
320,46
179,556
68,629
332,59
41,136
375,846
167,315
192,642
55,806
392,495
122,936
194,137
393,851
292,811
223,928
377,219
63,823
174,739
366,243
319,380
265,390
54,532
161,374
75,536
98,210
222,913
115,986
164,718
67,10
114,428
282,70
146,360
341,793
182,100
248,388
221,870
202,214
389,940
196,535
288,130
362,119
26,699
265,97
89,225
32,894
186,766
314,964
42,631
181,924
80,200
186,462
88,157
223,174
184,133
381,625
222,259
97,491
385,878
139,165
281,67
383,650
29,322
200,1000
17,134
369,166
163,804
375,444
127,683
24,898
11,197
316,561
64,180
230,153
144,974
40,701
46,806
231,616
338,96
308,345
256,100
350,675
242,692
186,497
289,919
237,662
375,765
325,315
266,415
166,529
46,243
263,658
50,150
304,861
325,164
86,6
299,429
38,851
217,998
250,860
378,414
336,225
240,487
54,642
101,652
114,98
385,655
382,199
12,265
191,422
28,981
75,668
267,880
375,140
305,997
153,748
90,255
235,625
42,969
69,796
356,157
353,189
377,933
294,900
12,217
104,190
114,67
150,35
303,938
159,402
127,57
232,417
21,916
211,562
312,859
137,982
180,109
151,698
88,838
195,516
371,144
248,822
110,29
185,773
78,375
69,846
287,182
391,871
292,357
270,632
307,751
115,82
71,977
160,368
290,116
345,780
25,170
279,500
289,373
23,732
336,207
196,885
297,997
11,986
274,810
24,569
44,474
90,669
214,564
372,644
45,190
353,580
161,140
265,333
384,997
24,239
371,755
207,925
196,480
99,350
96,197
328,145
123,527
387,305
192,127
71,79
12,647
97,231
388,393
89,65
242,629
186,384
108,385
268,869
43,930
170,738
197,845
275,427
14,862
188,502
21,447
362,657
58,595
369,908
303,759
298,493
172,954
176,476
109,551
311,669
17,397
335,630
13,87
347,346
116,352
202,337
322,546
369,246
359,317
45,435
285,845
223,523
158,320
341,923
79,313
165,981
138,739
244,250
352,628
372,459
153,991
233,611
220,355
33,9
236,797
240,813
123,797
148,228
250,395
94,694
158,342
46,987
208,567
16,871
378,408
246,843
96,494
380,95
151,228
255,119
273,353
313,370
19,79
121,948
244,520
108,414
138,137
239,222
158,661
272,254
109,91
280,987
369,637
399,422
53,477
29,703
77,395
40,571
365,960
233,529
116,526
321,440
236,844
178,420
61,591
118,36
12,104
120,254
227,72
312,986
17,476
86,431
189,597
157,621
283,812
286,98
282,618
154,833
65,994
285,675
159,611
393,747
76,403
247,284
27,804
13,828
182,533
308,686
344,849
369,824
267,636
156,416
167,586
264,13
33,482
137,36
353,862
304,616
96,405
341,125
193,401
243,338
95,987
280,929
151,765
383,363
165,132
230,448
96,486
172,260
180,45
29,445
174,862
171,117
356,48
297,743
204,239
284,21
264,677
111,789
238,252
50,205
233,104
14,520
115,886
47,953
309,682
127,488
41,244
194,371
311,941
337,28
332,488
352,208
40,940
165,589
53,679
382,920
306,369
365,771
188,390
123,934
140,410
175,943
313,311
125,687
12,325
306,253
395,707
190,356
385,668
19,616
57,944
342,47
36,775
284,430
274,985
397,335
29,199
178,948
72,254
283,172
55,965
36,347
140,843
252,296
386,359
394,757
307,27
39,848
227,126
124,208
338,774
169,573
14,106
50,276
55,793
247,492
70,420
200,174
328,947
35,371
155,491
206,50
322,564
68,653
77,895
222,655
65,195
399,499
183,20
274,216
343,922
214,799
52,120
329,762
26,857
370,873
18,583
399,169
356,449
172,155
282,149
371,857
86,718
298,354
79,689
175,192
83,344
286,817
127,693
397,798
190,783
386,523
164,857
15,744
120,990
240,669
325,616
355,428
186,983
83,522
28,190
97,110
138,200
245,142
52,115
79,934
324,299
262,182
256,806
184,185
212,99
201,495
281,346
390,17
278,384
399,710
120,143
269,547
343,190
33,747
56,381
365,464
78,461
385,431
157,957
289,548
16,157
389,383
31,856
254,266
236,980
118,694
389,580
251,303
260,858
182,169
227,711
193,630
139,361
193,562
114,593
110,939
332,586
70,532
173,658
347,918
125,591
370,212
363,394
381,24
182,377
261,243
277,545
289,376
102,676
203,102
330,467
350,525
113,390
393,209
197,257
201,937
63,160
368,272
211,889
358,155
327,653
231,488
14,94
385,220
167,654
92,415
388,373
332,920
207,514
299,768
237,959
360,379
36,283
232,284
96,330
177,198
289,561
240,999
97,121
199,417
29,578
322,985
330,83
97,766
265,919
229,16
26,349
339,295
107,212
154,468
215,122
271,242
48,311
47,588
347,961
309,645
343,424
62,628
242,346
351,638
47,519
51,631
196,929
90,631
200,582
215,671
259,419
172,594
155,410
395,317
110,799
266,183
71,161
15,879
383,396
375,182
360,579
377,509
140,657
79,496
245,980
287,906
28,626
354,738
276,420
44,891
368,574
304,873
207,337
308,573
50,122
175,365
45,640
393,274
211,754
233,331
229,456
253,861
30,799
16,229
183,397
254,791
137,837
304,853
49,840
145,226
289,582
56,504
151,761
242,914
295,231
352,598
290,78
150,95
57,353
13,318
26,140
14,458
264,192
132,31
356,734
72,625
58,535
210,348
57,152
61,623
82,523
43,834
321,118
183,624
146,511
243,854
25,279
219,718
350,330
213,382
214,846
16,663
234,720
325,682
149,431
13,780
26,385
110,535
283,318
255,467
268,290
273,795
44,650
99,311
205,755
323,328
333,495
77,949
192,531
327,768
350,357
390,704
149,672
191,500
267,706
87,690
26,620
208,170
34,107
25,824
122,66
300,570
265,638
158,567
355,943
49,567
16,834
136,685
104,467
143,111
375,174
309,799
248,578
305,248
33,204
44,59
56,131
366,481
371,721
122,228
67,973
249,428
31,495
343,841
206,192
26,239
31,716
293,952
342,634
186,665
383,576
141,349
48,46
374,359
376,534
367,524
72,691
347,74
285,597
272,39
159,631
226,720
360,537
367,223
10,615
315,832
195,420
196,548
334,475
117,773
163,695
281,726
81,290
395,429
230,254
144,464
140,35
28,297
23,191
167,763
109,21
301,721
244,164
277,391
245,624
220,301
337,227
393,120
256,539
149,684
396,180
74,130
181,910
138,301
12,452
149,544
195,169
351,194
103,363
376,23
98,373
54,377
279,400
290,722
367,605
333,87
28,482
61,992
198,841
163,500
48,574
119,138
123,157
50,844
194,88
330,859
262,450
186,952
303,713
300,320
284,997
81,118
326,422
81,467
311,82
351,259
52,723
349,70
217,46
372,248
318,487
104,75
267,764
80,857
152,466
194,970
222,724
107,994
37,448
201,833
366,135
113,610
356,42
283,231
391,613
139,752
94,397
289,157
48,616
86,911
191,871
164,338
398,867
215,640
328,737
79,532
25,615
334,820
91,340
226,400
362,806
301,393
114,28
340,374
39,279
198,645
305,823
241,170
243,805
175,836
284,565
317,623
137,542
315,512
133,727
121,438
85,785
239,603
108,362
366,489
302,860
386,254
325,499
124,268
217,59
298,202
349,32
249,506
149,928
295,203
178,183
80,631
335,69
149,293
389,123
55,697
198,911
12,706
335,96
364,942
111,206
307,896
182,42
28,188
36,909
213,896
212,283
376,49
60,962
15,952
257,34
351,873
102,984
124,286
362,297
160,19
25,369
202,94
23,419
153,42
304,347
207,674
278,344
223,847
40,603
75,303
305,382
212,486
239,317
238,307
85,34
131,465
44,398
371,349
246,756
201,816
196,411
122,720
242,157
65,745
265,98
38,483
326,614
61,934
36,587
45,410
111,297
63,85
112,958
94,764
271,415
171,383
191,571
256,546
158,8
286,474
306,963
105,754
31,974
300,782
357,131
227,474
242,796
383,14
94,687
383,130
320,235
109,578
191,557
226,711
98,379
383,322
123,791
164,848
147,815
373,574
35,887
33,266
281,72
266,815
178,703
124,405
19,863
253,253
267,700
169,227
387,847
290,280
393,512
378,26
321,899
15,122
96,88
191,731
396,375
53,745
237,561
56,521
321,636
249,558
76,709
169,862
95,853
102,756
359,509
107,916
220,269
322,455
19,348
147,417
119,608
75,489
374,531
40,530
101,99
239,404
34,703
237,102
153,818
291,547
44,293
351,806
320,682
295,982
142,842
322,101
58,283
203,936
24,364
74,677
227,144
112,325
159,651
37,783
105,730
172,604
123,627
124,560
204,983
337,861
250,592
182,235
13,636
130,178
18,26
57,28
67,295
222,932
199,991
345,150
112,1000
164,639
60,650
105,407
129,765
256,453
158,50
321,417
107,40
13,14
297,32
177,148
74,884
82,125
117,159
26,95
289,838
365,597
337,192
81,294
298,854
321,582
294,921
46,413
369,722
189,306
361,335
243,54
121,654
213,705
307,210
307,146
261,538
43,569
341,368
161,411
318,840
398,734
228,323
170,849
364,767
325,418
164,68
264,639
218,279
244,191
170,627
205,829
324,569
47,418
391,918
34,862
226,8
133,218
177,490
165,182
41,394
74,984
193,649
178,871
370,133
201,434
332,332
377,289
337,278
161,79
144,497
113,453
43,961
381,180
236,396
141,649
97,284
198,105
150,311
227,931
345,267
389,667
112,530
129,269
105,683
360,872
134,576
195,793
292,17
313,95
273,89
324,78
144,760
177,191
253,51
356,398
218,885
77,722
373,449
300,255
180,786
164,979
30,709
41,960
20,913
396,708
208,567
72,587
360,464
98,677
386,441
215,427
180,408
312,834
364,967
194,444
53,693
107,739
216,699
79,111
317,539
262,392
162,797
327,77
379,480
384,728
146,475
237,226
293,57
225,910
292,553
132,102
369,187
303,755
210,416
400,165
392,777
247,623
294,519
247,936
88,342
280,689
124,410
105,240
258,455
40,588
324,310
79,751
143,363
45,205
102,843
298,614
130,839
58,639
308,396
225,573
33,840
155,420
99,560
139,120
36,840
174,849
219,425
82,358
213,75
257,647
47,735
80,347
166,546
314,395
77,392
233,282
99,433
181,780
145,229
250,621
224,599
390,877
357,845
75,972
387,951
357,821
46,633
218,828
193,855
320,951
389,6
261,221
229,872
18,816
19,534
391,67
230,145
151,92
52,692
269,676
297,213
280,307
135,913
55,572
215,928
264,123
247,28
251,814
241,745
389,593
272,671
207,768
303,239
132,422
298,633
287,284
138,960
17,247
291,141
238,72
342,209
49,85
376,904
107,990
52,462
70,668
151,175
351,842
134,473
42,283
129,253
179,522
336,769
275,13
102,807
15,683
359,239
216,917
155,734
360,11
112,822
170,557
93,680
78,712
244,442
322,773
208,178
74,676
126,148
358,122
185,269
348,253
99,957
327,508
75,648
303,47
43,506
38,506
290,575
307,497
119,615
351,655
157,440
331,50
267,336
210,719
53,223
225,505
355,390
287,958
170,424
233,404
338,485
298,862
38,918
53,404
352,880
396,741
371,282
224,243
315,716
52,815
346,706
276,786
323,777
256,149
43,533
26,781
190,617
394,410
254,429
40,83
258,788
33,274
323,128
282,555
25,142
174,820
85,615
52,694
295,476
167,718
383,885
50,207
101,909
393,798
160,559
308,36
139,528
267,665
82,70
316,711
309,566
59,66
361,804
148,921
264,433
82,824
235,726
172,980
319,663
364,460
73,268
141,184
141,656
153,906
277,68
73,366
26,993
197,600
287,151
361,24
56,469
186,326
15,665
379,238
51,542
243,134
359,829
348,976
35,182
122,172
346,476
77,683
212,275
91,330
135,880
57,567
192,144
221,157
70,140
381,987
244,606
149,567
354,694
72,403
102,465
126,212
386,212
286,855
198,336
136,37
170,992
114,509
40,895
266,734
341,553
184,817
12,473
382,358
307,664
49,439
49,100
242,457
157,394
115,10
391,615
43,771
56,892
239,957
249,407
220,714
68,802
109,264
194,677
347,691
224,51
375,446
295,591
38,869
240,36
89,638
375,625
373,987
312,52
113,611
24,37
50,316
113,573
30,262
91,530
67,181
242,233
276,475
226,382
205,931
375,639
62,809
142,224
219,218
399,485
47,824
37,164
135,572
25,400
294,266
244,773
251,807
339,12
280,338
89,369
329,926
271,981
396,837
116,146
306,266
353,62
310,647
344,674
291,891
105,589
127,525
353,385
119,761
312,585
190,177
23,995
255,53
119,748
110,816
63,716
102,388
370,757
237,389
254,580
223,207
295,309
168,138
308,142
370,703
24,765
194,276
290,991
157,167
393,982
194,51
35,301
237,748
333,100
252,784
341,35
235,833
392,666
393,703
365,905
30,933
151,104
31,52
333,283
57,629
82,671
326,241
227,19
73,13
371,818
329,630
299,469
354,589
365,93
271,165
214,710
92,800
208,677
66,667
350,695
233,431
353,620
306,530
317,675
32,931
24,916
65,466
315,602
117,272
336,792
231,89
202,88
75,340
367,915
182,639
126,280
19,156
78,87
128,799
280,224
332,80
219,185
321,100
378,824
123,117
334,298
367,640
12,956
244,10
302,16
140,252
77,785
227,43
220,524
140,223
80,268
202,581
138,97
233,625
53,728
84,23
148,572
229,215
322,929
191,611
216,187
119,110
387,556
52,146
398,91
103,804
159,419
275,128
265,265
279,224
390,413
213,691
374,924
340,818
292,863
61,192
351,151
66,5
27,371
85,438
258,637
328,906
125,597
154,573
286,131
189,129
87,706
361,696
327,478
362,376
120,309
279,899
107,983
261,101
208,853
233,815
314,134
85,895
12,486
210,72
160,788
123,835
25,20
333,94
384,224
42,400
163,424
270,597
153,514
18,180
258,263
209,509
65,617
270,468
349,89
243,330
238,473
63,201
123,158
168,428
343,646
129,941
304,954
137,855
306,850
283,922
43,570
143,994
139,398
325,159
84,441
206,872
350,829
64,947
238,320
34,635
170,878
15,384
151,725
143,394
135,677
267,150
335,89
307,752
363,800
261,563
247,731
243,955
112,843
60,730
156,469
100,58
175,525
274,267
318,944
134,448
325,13
77,10
36,807
67,400
119,550
252,402
98,20
76,143
112,354
24,920
164,921
22,546
87,135
149,742
161,332
45,88
124,421
67,494
58,179
132,365
108,228
302,571
262,285
356,254
297,78
219,775
102,731
181,799
303,729
381,886
122,313
331,816
400,810
384,436
58,595
74,90
242,413
310,282
69,286
397,493
238,684
354,273
65,307
89,487
147,548
382,58
257,748
245,529
132,624
47,510
144,394
158,520
245,163
112,572
398,199
17,497
336,237
354,905
232,384
356,633
264,926
344,689
384,146
230,271
15,182
96,560
370,235
190,375
284,650
69,870
115,144
116,43
398,887
256,374
45,603
37,730
50,669
183,757
142,235
278,763
16,606
203,206
231,332
338,567
225,200
16,968
395,80
282,695
72,678
317,408
68,364
325,976
211,166
262,943
299,49
384,184
144,442
299,279
261,590
307,701
220,501
134,576
236,647
253,924
165,135
305,782
267,145
221,501
288,540
226,703
55,954
323,193
226,453
322,916
118,52
86,62
206,89
133,724
20,149
349,866
370,287
168,693
255,651
92,929
113,286
182,490
249,102
182,843
254,299
258,437
289,84
358,442
277,37
142,157
271,66
239,251
149,533
358,586
87,524
127,934
336,18
358,862
271,794
306,651
354,467
52,821
287,757
386,347
134,355
385,965
39,560
105,576
208,584
169,393
78,894
190,41
307,396
144,925
232,389
281,589
134,163
203,796
358,421
393,508
143,442
33,563
143,507
210,886
327,212
160,260
75,895
251,546
24,816
194,722
67,247
201,833
289,132
50,409
128,801
147,78
144,134
345,487
44,844
186,835
344,853
340,192
312,221
46,449
115,75
189,559
149,160
82,450
257,176
111,362
320,402
368,163
68,174
57,851
45,376
26,890
136,606
72,532
336,130
264,749
186,278
339,34
275,446
52,291
329,90
368,65
290,693
20,628
391,83
213,603
277,156
268,166
258,795
323,20
150,43
77,95
34,861
216,314
387,489
247,33
308,211
190,126
346,807
47,621
218,375
64,125
195,757
199,219
384,45
364,653
226,899
232,57
345,533
242,532
205,539
391,117
387,232
273,970
17,235
35,983
340,440
330,427
286,569
99,661
362,377
261,972
317,134
150,490
130,387
275,114
190,542
324,966
84,262
140,866
203,45
137,94
356,698
234,358
154,632
393,364
17,846
186,714
142,129
322,103
391,247
376,174
260,817
51,882
279,625
53,689
167,117
18,932
18,581
233,633
397,517
285,144
68,665
394,722
279,319
385,561
299,483
132,120
40,351
147,349
271,526
322,634
172,581
350,706
127,107
347,624
399,218
332,549
181,536
274,131
271,569
309,174
355,218
220,762
200,715
169,404
75,432
169,18
280,807
364,672
228,207
122,884
155,141
192,155
378,178
65,438
161,995
19,669
226,86
274,451
213,324
85,23
238,576
42,281
391,20
87,224
335,67
170,763
388,60
10,664
293,208
337,26
25,749
78,405
111,911
77,388
185,198
22,139
232,971
322,367
24,433
176,512
238,20
11,569
310,962
55,951
343,447
13,151
132,631
57,485
309,594
11,838
358,965
344,171
63,711
145,579
96,649
355,829
236,308
146,827
305,331
331,499
121,200
49,161
342,874
61,330
312,460
279,911
153,659
48,180
160,306
158,144
398,177
17,357
186,794
75,672
251,953
162,552
316,959
148,250
135,134
388,349
165,610
81,192
35,9
324,502
348,314
77,723
76,243
18,762
24,762
393,75
265,553
306,75
304,909
219,99
65,696
316,237
40,563
202,273
48,333
210,742
219,307
164,275
285,48
234,836
112,456
393,449
206,407
222,798
318,954
57,271
33,101
182,914
300,924
201,643
325,215
288,384
254,628
40,133
163,80
254,981
280,796
201,662
280,544
382,380
250,760
93,889
86,247
120,140
109,314
74,622
222,512
290,805
377,932
236,633
338,645
53,943
28,417
219,230
115,418
189,382
303,468
256,468
359,348
32,191
126,551
135,726
213,244
121,255
182,360
263,100
30,378
91,555
358,175
334,319
263,508
132,985
283,528
334,297
287,773
386,200
164,418
364,337
42,220
146,206
237,851
186,227
160,974
359,608
156,265
134,337
295,566
187,588
102,960
277,919
387,448
135,163
214,10
134,584
172,232
18,835
20,364
338,279
392,553
180,129
68,765
55,339
288,408
152,566
210,155
69,875
267,350
337,886
129,700
156,995
159,451
80,779
132,667
110,555
146,549
30,719
169,420
271,161
361,673
153,754
205,201
85,553
63,591
242,569
248,152
190,316
364,12
99,403
136,103
390,7
248,428
192,204
334,803
225,990
301,760
276,154
109,332
377,318
17,241
160,288
282,879
52,403
217,869
251,264
115,802
194,541
82,111
228,796
75,342
16,422
391,335
62,330
74,107
251,15
186,331
134,314
313,143
150,334
11,625
16,541
381,803
265,136
189,808
114,896
18,694
287,865
269,483
52,266
208,752
164,648
74,517
357,975
151,197
348,507
265,188
299,120
142,366
162,10
336,568
256,551
298,661
204,175
113,39
60,661
380,548
43,303
92,503
76,257
34,678
347,608
108,913
118,937
363,956
267,505
169,582
258,966
132,330
254,229
106,934
289,502
82,932
168,44
371,893
129,630
60,226
266,479
172,32
188,332
320,712
207,938
222,658
321,702
115,795
387,110
299,942
72,728
113,710
390,7
21,811
281,970
126,19
328,75
276,661
57,159
305,8
232,688
249,193
16,662
223,706
168,739
299,225
328,129
248,617
276,357
176,740
360,108
335,133
317,786
75,651
234,313
175,802
274,47
337,169
68,427
362,178
73,558
354,894
388,147
319,219
71,555
233,543
118,751
333,889
22,974
369,67
207,558
367,942
312,261
261,633
220,808
134,528
19,598
373,157
19,198
357,82
379,847
229,523
249,618
201,256
52,466
275,246
157,804
63,171
186,368
21,193
395,401
386,913
311,906
306,581
271,340
123,190
182,714
305,443
64,42
323,100
16,102
74,931
62,382
271,981
162,895
35,616
190,806
338,164
165,12
200,237
318,69
331,19
297,466
270,848
121,831
28,84
94,880
261,392
264,694
220,683
347,685
298,762
314,928
313,551
141,622
127,299
126,151
63,968
201,913
26,736
366,374
46,563
293,551
372,765
275,542
198,469
70,921
166,53
204,230
264,568
83,666
116,316
195,628
29,759
61,681
183,34
286,510
223,67
231,182
229,189
241,887
261,684
151,809
275,23
291,660
389,277
108,709
166,998
357,928
271,844
397,361
58,167
320,667
282,840
373,874
142,219
228,770
197,97
348,566
162,864
245,707
285,388
117,503
23,35
375,773
356,426
159,917
10,589
19,407
239,195
67,109
342,571
33,75
30,612
81,811
245,731
376,678
44,685
282,281
22,628
251,12
179,394
366,117
122,153
211,246
328,607
159,835
43,661
227,953
322,39
300,812
392,395
277,825
200,360
62,300
13,814
277,582
301,329
392,540
342,838
368,736
269,21
375,597
15,715
100,224
218,253
351,313
116,993
324,387
178,945
123,763
332,862
248,789
157,205
121,697
42,313
227,884
65,555
370,622
248,815
34,725
398,373
224,124
137,417
135,905
344,979
159,940
81,553
71,249
339,249
211,851
181,947
168,356
181,60
237,104
176,711
252,819
174,367
201,517
293,477
18,379
113,241
57,125
34,129
250,900
366,284
346,470
200,215
208,192
172,121
387,498
283,182
258,269
238,37
150,157
380,473
208,549
372,673
339,274
109,880
302,968
149,629
193,217
24,563
192,12
90,716
324,484
276,318
202,825
118,722
82,419
97,940
301,937
121,627
291,344
183,61
104,564
243,189
207,498
119,369
131,918
245,240
199,898
32,82
114,997
348,124
174,470
397,739
46,805
275,945
17,927
210,861
329,520
72,748
175,139
199,6
161,796
372,297
134,725
52,832
67,761
382,956
400,511
350,17
399,726
154,264
395,80
148,744
111,86
281,677
190,744
22,618
202,712
114,133
330,68
203,559
275,124
39,313
204,850
58,102
208,817
262,867
144,739
373,494
353,6
342,202
323,822
18,226
72,633
90,983
15,955
394,675
389,701
62,164
182,961
63,953
304,257
271,477
199,692
250,453
15,83
117,957
148,929
150,527
120,853
147,482
95,868
105,33
312,463
21,500
82,736
220,998
24,127
200,787
18,491
360,656
58,446
265,687
254,325
175,644
117,386
263,400
346,724
206,721
216,949
363,624
37,336
229,176
336,24
59,785
278,573
54,229
297,555
58,908
84,755
228,47
84,874
212,713
139,952
293,474
387,762
117,882
336,280
254,288
327,53
206,889
355,656
194,556
229,50
301,715
312,861
282,166
283,535
336,433
400,275
354,164
170,94
274,951
213,949
12,530
165,893
113,350
398,198
49,913
341,980
194,781
233,883
376,993
389,790
231,680
35,911
246,839
147,462
347,763
399,436
177,383
384,897
201,729
332,663
142,542
238,65
208,937
28,578
54,198
154,986
217,57
38,75
15,938
160,254
128,325
75,429
240,103
103,862
97,909
215,901
206,591
347,900
246,719
79,803
324,213
355,947
398,165
272,192
341,10
11,123
357,159
46,951
113,741
57,588
97,190
252,150
360,411
140,191
335,588
380,652
276,167
192,293
324,799
78,710
155,256
194,810
228,733
188,102
296,341
157,57
25,717
196,425
295,693
234,630
136,651
33,618
226,13
238,308
266,999
210,321
180,695
178,343
277,543
252,471
286,307
207,268
55,482
320,677
314,570
83,343
112,678
318,479
284,927
196,391
290,555
232,401
29,367
400,854
211,677
216,971
105,613
272,280
130,937
56,694
293,649
196,921
241,96
239,46
27,508
398,620
230,215
176,216
151,659
271,994
384,644
55,492
216,553
35,93
138,120
130,722
200,401
205,948
70,457
39,106
223,456
67,506
119,717
134,408
273,112
259,551
40,51
104,661
291,705
244,424
264,882
340,699
372,584
19,355
246,773
82,800
122,610
344,390
227,589
165,941
288,329
40,874
345,176
388,364
178,508
332,625
302,546
374,943
23,274
89,210
297,84
116,506
47,353
175,834
199,995
234,219
380,623
173,671
288,742
374,388
177,110
108,294
329,418
378,305
393,873
193,338
95,472
107,996
116,741
73,702
131,827
163,47
327,587
47,849
199,703
369,897
68,628
105,823
24,543
54,563
170,400
206,838
35,967
220,181
355,778
